Association Rules
=========================================
Association Rule	  Std Lift	Lift  Confidence Interest
=========================================
39848009 -> 444814009	1.1918	-0.1696	0.0133	-0.1696
237602007 -> 444814009	1.1914	-0.1691	0.0137	-0.1691
88805009 -> 444814009	1.1864	-0.1642	0.0186	-0.1642
74400008 -> 444814009	1.1862	-0.1640	0.0188	-0.1640
239873007 -> 444814009	1.1862	-0.1640	0.0188	-0.1640
196416002 -> 444814009	1.1855	-0.1634	0.0195	-0.1634
59621000 -> 444814009	1.1854	-0.1633	0.0196	-0.1633
82423001 -> 444814009	1.1850	-0.1629	0.0200	-0.1629
65363002 -> 444814009	1.1850	-0.1628	0.0200	-0.1628
44054006 -> 444814009	1.1849	-0.1628	0.0200	-0.1628
44465007 -> 444814009	1.1849	-0.1628	0.0200	-0.1628
72892002 -> 444814009	1.1847	-0.1625	0.0203	-0.1625
302870006 -> 444814009	1.1846	-0.1625	0.0203	-0.1625
10509002 -> 444814009	1.1845	-0.1624	0.0204	-0.1624
230690007 -> 444814009	1.1842	-0.1621	0.0207	-0.1621
19169002 -> 444814009	1.1841	-0.1619	0.0209	-0.1619
43878008 -> 444814009	1.1840	-0.1618	0.0210	-0.1618
36971009 -> 444814009	1.1835	-0.1614	0.0215	-0.1614
68496003 -> 444814009	1.1832	-0.1611	0.0217	-0.1611
62106007 -> 444814009	1.1831	-0.1610	0.0218	-0.1610
428251008 -> 444814009	1.1827	-0.1606	0.0222	-0.1606
124171000119105 -> 444814009	1.1824	-0.1603	0.0225	-0.1603
195662009 -> 444814009	1.1823	-0.1602	0.0226	-0.1602
271737000 -> 444814009	1.1823	-0.1602	0.0226	-0.1602
40055000 -> 444814009	1.1822	-0.1601	0.0227	-0.1601
15777000 -> 444814009	1.1821	-0.1600	0.0228	-0.1600
70704007 -> 444814009	1.1813	-0.1593	0.0236	-0.1593
75498004 -> 444814009	1.1811	-0.1590	0.0238	-0.1590
162864005 -> 444814009	1.1810	-0.1590	0.0239	-0.1590
53741008 -> 444814009	1.1798	-0.1578	0.0250	-0.1578
55822004 -> 444814009	1.1785	-0.1565	0.0263	-0.1565
55680006 -> 444814009	1.1759	-0.1539	0.0289	-0.1539
64859006 -> 444814009	1.1756	-0.1536	0.0292	-0.1536
82423001 -> 195662009	1.1205	-0.0995	0.0064	-0.0995
68496003 -> 195662009	1.1194	-0.0985	0.0074	-0.0985
44054006 -> 195662009	1.1191	-0.0981	0.0078	-0.0981
70704007 -> 195662009	1.1173	-0.0965	0.0094	-0.0965
39848009 -> 195662009	1.1170	-0.0962	0.0097	-0.0962
19169002 -> 195662009	1.1170	-0.0961	0.0098	-0.0961
239873007 -> 195662009	1.1169	-0.0961	0.0098	-0.0961
65363002 -> 195662009	1.1169	-0.0960	0.0099	-0.0960
43878008 -> 195662009	1.1169	-0.0960	0.0099	-0.0960
74400008 -> 195662009	1.1169	-0.0960	0.0099	-0.0960
64859006 -> 195662009	1.1167	-0.0959	0.0100	-0.0959
59621000 -> 195662009	1.1166	-0.0958	0.0101	-0.0958
88805009 -> 195662009	1.1161	-0.0953	0.0106	-0.0953
162864005 -> 195662009	1.1158	-0.0950	0.0109	-0.0950
237602007 -> 195662009	1.1158	-0.0949	0.0110	-0.0949
53741008 -> 195662009	1.1157	-0.0949	0.0110	-0.0949
40055000 -> 195662009	1.1155	-0.0946	0.0112	-0.0946
124171000119105 -> 195662009	1.1150	-0.0942	0.0117	-0.0942
10509002 -> 195662009	1.1150	-0.0942	0.0117	-0.0942
271737000 -> 195662009	1.1147	-0.0939	0.0120	-0.0939
15777000 -> 195662009	1.1147	-0.0939	0.0120	-0.0939
55822004 -> 195662009	1.1143	-0.0935	0.0124	-0.0935
196416002 -> 195662009	1.1143	-0.0935	0.0124	-0.0935
44465007 -> 195662009	1.1140	-0.0932	0.0127	-0.0932
36971009 -> 195662009	1.1138	-0.0930	0.0129	-0.0930
302870006 -> 195662009	1.1138	-0.0930	0.0129	-0.0930
72892002 -> 195662009	1.1138	-0.0930	0.0129	-0.0930
230690007 -> 195662009	1.1138	-0.0929	0.0130	-0.0929
428251008 -> 195662009	1.1137	-0.0929	0.0130	-0.0929
444814009 -> 195662009	1.1136	-0.0928	0.0131	-0.0928
62106007 -> 195662009	1.1136	-0.0928	0.0131	-0.0928
55680006 -> 195662009	1.1089	-0.0882	0.0177	-0.0882
75498004 -> 195662009	1.1088	-0.0880	0.0179	-0.0880
55680006 -> 10509002	1.1017	-0.0811	0.0056	-0.0811
39848009 -> 10509002	1.1011	-0.0805	0.0062	-0.0805
53741008 -> 10509002	1.1006	-0.0801	0.0066	-0.0801
302870006 -> 10509002	1.1005	-0.0799	0.0068	-0.0799
68496003 -> 10509002	1.1004	-0.0798	0.0069	-0.0798
196416002 -> 10509002	1.1002	-0.0796	0.0071	-0.0796
124171000119105 -> 10509002	1.1000	-0.0795	0.0072	-0.0795
36971009 -> 10509002	1.0994	-0.0788	0.0079	-0.0788
19169002 -> 10509002	1.0992	-0.0786	0.0081	-0.0786
271737000 -> 10509002	1.0989	-0.0784	0.0083	-0.0784
88805009 -> 10509002	1.0984	-0.0778	0.0089	-0.0778
15777000 -> 10509002	1.0983	-0.0778	0.0089	-0.0778
40055000 -> 10509002	1.0977	-0.0772	0.0095	-0.0772
195662009 -> 10509002	1.0976	-0.0771	0.0096	-0.0771
75498004 -> 10509002	1.0975	-0.0770	0.0097	-0.0770
444814009 -> 10509002	1.0975	-0.0770	0.0097	-0.0770
59621000 -> 10509002	1.0973	-0.0768	0.0099	-0.0768
65363002 -> 10509002	1.0971	-0.0766	0.0101	-0.0766
74400008 -> 10509002	1.0963	-0.0758	0.0109	-0.0758
162864005 -> 10509002	1.0963	-0.0758	0.0109	-0.0758
64859006 -> 10509002	1.0962	-0.0757	0.0109	-0.0757
55822004 -> 10509002	1.0960	-0.0755	0.0112	-0.0755
72892002 -> 10509002	1.0958	-0.0753	0.0114	-0.0753
237602007 -> 10509002	1.0955	-0.0750	0.0117	-0.0750
43878008 -> 10509002	1.0955	-0.0750	0.0117	-0.0750
82423001 -> 10509002	1.0954	-0.0749	0.0118	-0.0749
70704007 -> 10509002	1.0949	-0.0744	0.0123	-0.0744
44465007 -> 10509002	1.0949	-0.0744	0.0123	-0.0744
239873007 -> 10509002	1.0949	-0.0744	0.0123	-0.0744
44054006 -> 10509002	1.0942	-0.0738	0.0129	-0.0738
62106007 -> 10509002	1.0918	-0.0714	0.0153	-0.0714
428251008 -> 10509002	1.0913	-0.0710	0.0157	-0.0710
55822004 -> 72892002	1.0909	-0.0705	0.0023	-0.0705
65363002 -> 72892002	1.0902	-0.0699	0.0030	-0.0699
230690007 -> 10509002	1.0898	-0.0694	0.0173	-0.0694
230690007 -> 72892002	1.0898	-0.0694	0.0035	-0.0694
239873007 -> 72892002	1.0891	-0.0688	0.0041	-0.0688
62106007 -> 72892002	1.0888	-0.0685	0.0044	-0.0685
237602007 -> 72892002	1.0884	-0.0681	0.0048	-0.0681
44465007 -> 72892002	1.0879	-0.0675	0.0053	-0.0675
124171000119105 -> 72892002	1.0878	-0.0675	0.0054	-0.0675
53741008 -> 72892002	1.0873	-0.0670	0.0059	-0.0670
162864005 -> 72892002	1.0870	-0.0667	0.0061	-0.0667
40055000 -> 72892002	1.0869	-0.0666	0.0063	-0.0666
82423001 -> 72892002	1.0868	-0.0665	0.0064	-0.0665
43878008 -> 72892002	1.0863	-0.0660	0.0069	-0.0660
44054006 -> 72892002	1.0861	-0.0658	0.0071	-0.0658
15777000 -> 72892002	1.0860	-0.0657	0.0071	-0.0657
302870006 -> 72892002	1.0857	-0.0654	0.0075	-0.0654
55680006 -> 72892002	1.0857	-0.0654	0.0075	-0.0654
70704007 -> 72892002	1.0856	-0.0653	0.0075	-0.0653
444814009 -> 72892002	1.0850	-0.0648	0.0081	-0.0648
195662009 -> 72892002	1.0842	-0.0640	0.0089	-0.0640
74400008 -> 72892002	1.0842	-0.0639	0.0089	-0.0639
10509002 -> 72892002	1.0835	-0.0633	0.0096	-0.0633
39848009 -> 72892002	1.0834	-0.0631	0.0097	-0.0631
271737000 -> 72892002	1.0832	-0.0630	0.0099	-0.0630
428251008 -> 72892002	1.0829	-0.0627	0.0102	-0.0627
196416002 -> 72892002	1.0825	-0.0622	0.0106	-0.0622
36971009 -> 72892002	1.0824	-0.0621	0.0107	-0.0621
59621000 -> 72892002	1.0806	-0.0604	0.0124	-0.0604
75498004 -> 72892002	1.0789	-0.0587	0.0141	-0.0587
19169002 -> 72892002	1.0725	-0.0525	0.0204	-0.0525
65363002 -> 15777000	1.0722	-0.0521	0.0014	-0.0521
65363002 -> 271737000	1.0719	-0.0518	0.0011	-0.0518
44054006 -> 162864005	1.0716	-0.0516	0.0032	-0.0516
44465007 -> 162864005	1.0711	-0.0511	0.0037	-0.0511
43878008 -> 162864005	1.0709	-0.0509	0.0039	-0.0509
43878008 -> 15777000	1.0708	-0.0508	0.0027	-0.0508
271737000 -> 162864005	1.0706	-0.0506	0.0042	-0.0506
82423001 -> 162864005	1.0703	-0.0503	0.0045	-0.0503
72892002 -> 162864005	1.0702	-0.0502	0.0046	-0.0502
55680006 -> 162864005	1.0701	-0.0501	0.0047	-0.0501
70704007 -> 162864005	1.0701	-0.0501	0.0047	-0.0501
230690007 -> 15777000	1.0700	-0.0500	0.0035	-0.0500
74400008 -> 162864005	1.0698	-0.0499	0.0050	-0.0499
196416002 -> 162864005	1.0695	-0.0495	0.0053	-0.0495
15777000 -> 162864005	1.0695	-0.0495	0.0053	-0.0495
44465007 -> 15777000	1.0694	-0.0494	0.0041	-0.0494
237602007 -> 162864005	1.0693	-0.0493	0.0055	-0.0493
36971009 -> 15777000	1.0692	-0.0492	0.0043	-0.0492
195662009 -> 162864005	1.0691	-0.0492	0.0056	-0.0492
36971009 -> 162864005	1.0691	-0.0491	0.0057	-0.0491
124171000119105 -> 15777000	1.0690	-0.0490	0.0045	-0.0490
75498004 -> 162864005	1.0688	-0.0489	0.0060	-0.0489
44465007 -> 271737000	1.0688	-0.0489	0.0041	-0.0489
162864005 -> 271737000	1.0688	-0.0489	0.0041	-0.0489
43878008 -> 271737000	1.0687	-0.0487	0.0042	-0.0487
302870006 -> 162864005	1.0687	-0.0487	0.0061	-0.0487
39848009 -> 162864005	1.0686	-0.0486	0.0062	-0.0486
74400008 -> 15777000	1.0685	-0.0485	0.0050	-0.0485
75498004 -> 271737000	1.0684	-0.0485	0.0045	-0.0485
162864005 -> 15777000	1.0683	-0.0483	0.0052	-0.0483
75498004 -> 15777000	1.0682	-0.0483	0.0052	-0.0483
72892002 -> 15777000	1.0682	-0.0483	0.0052	-0.0483
10509002 -> 15777000	1.0679	-0.0480	0.0055	-0.0480
10509002 -> 162864005	1.0679	-0.0479	0.0069	-0.0479
10509002 -> 271737000	1.0678	-0.0479	0.0051	-0.0479
444814009 -> 162864005	1.0676	-0.0477	0.0072	-0.0477
124171000119105 -> 162864005	1.0675	-0.0476	0.0072	-0.0476
195662009 -> 15777000	1.0674	-0.0474	0.0061	-0.0474
59621000 -> 162864005	1.0673	-0.0473	0.0075	-0.0473
70704007 -> 271737000	1.0672	-0.0473	0.0057	-0.0473
62106007 -> 15777000	1.0669	-0.0469	0.0065	-0.0469
195662009 -> 271737000	1.0669	-0.0469	0.0060	-0.0469
70704007 -> 15777000	1.0668	-0.0469	0.0066	-0.0469
444814009 -> 15777000	1.0668	-0.0468	0.0067	-0.0468
62106007 -> 162864005	1.0667	-0.0468	0.0080	-0.0468
53741008 -> 162864005	1.0666	-0.0467	0.0081	-0.0467
19169002 -> 271737000	1.0666	-0.0467	0.0063	-0.0467
124171000119105 -> 271737000	1.0666	-0.0466	0.0063	-0.0466
428251008 -> 162864005	1.0664	-0.0465	0.0083	-0.0465
40055000 -> 271737000	1.0664	-0.0464	0.0065	-0.0464
39848009 -> 15777000	1.0663	-0.0464	0.0071	-0.0464
196416002 -> 15777000	1.0663	-0.0464	0.0071	-0.0464
444814009 -> 271737000	1.0663	-0.0464	0.0065	-0.0464
82423001 -> 15777000	1.0662	-0.0462	0.0073	-0.0462
64859006 -> 15777000	1.0661	-0.0462	0.0073	-0.0462
55822004 -> 271737000	1.0659	-0.0460	0.0070	-0.0460
88805009 -> 162864005	1.0659	-0.0459	0.0089	-0.0459
39848009 -> 271737000	1.0658	-0.0459	0.0071	-0.0459
40055000 -> 15777000	1.0657	-0.0458	0.0077	-0.0458
72892002 -> 271737000	1.0657	-0.0458	0.0072	-0.0458
40055000 -> 162864005	1.0656	-0.0457	0.0091	-0.0457
239873007 -> 271737000	1.0655	-0.0456	0.0074	-0.0456
55680006 -> 271737000	1.0654	-0.0455	0.0075	-0.0455
53741008 -> 15777000	1.0653	-0.0454	0.0081	-0.0454
19169002 -> 162864005	1.0651	-0.0452	0.0096	-0.0452
59621000 -> 15777000	1.0649	-0.0450	0.0085	-0.0450
239873007 -> 162864005	1.0649	-0.0450	0.0098	-0.0450
53741008 -> 271737000	1.0647	-0.0448	0.0081	-0.0448
82423001 -> 271737000	1.0647	-0.0448	0.0082	-0.0448
68496003 -> 162864005	1.0646	-0.0447	0.0101	-0.0447
68496003 -> 15777000	1.0644	-0.0445	0.0090	-0.0445
55822004 -> 162864005	1.0642	-0.0444	0.0104	-0.0444
59621000 -> 271737000	1.0642	-0.0443	0.0086	-0.0443
428251008 -> 15777000	1.0641	-0.0442	0.0093	-0.0442
62106007 -> 271737000	1.0641	-0.0442	0.0087	-0.0442
196416002 -> 271737000	1.0640	-0.0441	0.0088	-0.0441
74400008 -> 271737000	1.0639	-0.0440	0.0089	-0.0440
64859006 -> 162864005	1.0637	-0.0439	0.0109	-0.0439
428251008 -> 271737000	1.0636	-0.0437	0.0093	-0.0437
19169002 -> 15777000	1.0633	-0.0434	0.0101	-0.0434
55680006 -> 15777000	1.0631	-0.0432	0.0103	-0.0432
88805009 -> 15777000	1.0627	-0.0429	0.0106	-0.0429
82423001 -> 59621000	1.0622	-0.0424	0.0027	-0.0424
70704007 -> 59621000	1.0621	-0.0423	0.0028	-0.0423
230690007 -> 162864005	1.0617	-0.0419	0.0130	-0.0419
39848009 -> 59621000	1.0614	-0.0416	0.0035	-0.0416
43878008 -> 59621000	1.0613	-0.0415	0.0036	-0.0415
55680006 -> 59621000	1.0612	-0.0414	0.0037	-0.0414
237602007 -> 15777000	1.0610	-0.0411	0.0123	-0.0411
230690007 -> 271737000	1.0607	-0.0409	0.0121	-0.0409
195662009 -> 59621000	1.0606	-0.0408	0.0043	-0.0408
36971009 -> 271737000	1.0606	-0.0408	0.0122	-0.0408
68496003 -> 271737000	1.0606	-0.0408	0.0122	-0.0408
62106007 -> 59621000	1.0605	-0.0407	0.0044	-0.0407
196416002 -> 59621000	1.0605	-0.0407	0.0044	-0.0407
428251008 -> 59621000	1.0603	-0.0405	0.0046	-0.0405
444814009 -> 59621000	1.0601	-0.0403	0.0048	-0.0403
302870006 -> 15777000	1.0597	-0.0399	0.0136	-0.0399
10509002 -> 59621000	1.0597	-0.0399	0.0052	-0.0399
55822004 -> 59621000	1.0595	-0.0397	0.0054	-0.0397
88805009 -> 271737000	1.0595	-0.0397	0.0133	-0.0397
64859006 -> 59621000	1.0594	-0.0396	0.0055	-0.0396
239873007 -> 15777000	1.0594	-0.0396	0.0139	-0.0396
40055000 -> 59621000	1.0592	-0.0394	0.0057	-0.0394
53741008 -> 59621000	1.0590	-0.0392	0.0059	-0.0392
75498004 -> 59621000	1.0589	-0.0391	0.0060	-0.0391
44465007 -> 59621000	1.0587	-0.0390	0.0061	-0.0390
162864005 -> 59621000	1.0587	-0.0390	0.0061	-0.0390
124171000119105 -> 59621000	1.0586	-0.0388	0.0063	-0.0388
19169002 -> 59621000	1.0583	-0.0386	0.0065	-0.0386
239873007 -> 59621000	1.0583	-0.0385	0.0066	-0.0385
64859006 -> 271737000	1.0581	-0.0383	0.0146	-0.0383
44054006 -> 15777000	1.0578	-0.0380	0.0155	-0.0380
15777000 -> 59621000	1.0577	-0.0380	0.0071	-0.0380
271737000 -> 59621000	1.0575	-0.0378	0.0073	-0.0378
72892002 -> 59621000	1.0572	-0.0374	0.0077	-0.0374
36971009 -> 59621000	1.0570	-0.0372	0.0079	-0.0372
44054006 -> 271737000	1.0565	-0.0368	0.0161	-0.0368
302870006 -> 271737000	1.0564	-0.0367	0.0163	-0.0367
68496003 -> 59621000	1.0564	-0.0366	0.0085	-0.0366
65363002 -> 40055000	1.0563	-0.0365	0.0014	-0.0365
88805009 -> 59621000	1.0560	-0.0362	0.0089	-0.0362
74400008 -> 59621000	1.0559	-0.0362	0.0089	-0.0362
55822004 -> 15777000	1.0558	-0.0361	0.0174	-0.0361
237602007 -> 271737000	1.0555	-0.0358	0.0171	-0.0358
237602007 -> 59621000	1.0552	-0.0355	0.0096	-0.0355
428251008 -> 40055000	1.0548	-0.0351	0.0028	-0.0351
271737000 -> 15777000	1.0547	-0.0350	0.0185	-0.0350
43878008 -> 40055000	1.0546	-0.0349	0.0030	-0.0349
15777000 -> 271737000	1.0543	-0.0346	0.0183	-0.0346
72892002 -> 40055000	1.0543	-0.0346	0.0033	-0.0346
39848009 -> 40055000	1.0540	-0.0344	0.0035	-0.0344
195662009 -> 40055000	1.0535	-0.0339	0.0040	-0.0339
44465007 -> 40055000	1.0535	-0.0338	0.0041	-0.0338
10509002 -> 40055000	1.0534	-0.0337	0.0041	-0.0337
82423001 -> 40055000	1.0530	-0.0334	0.0045	-0.0334
271737000 -> 40055000	1.0529	-0.0332	0.0047	-0.0332
444814009 -> 40055000	1.0529	-0.0332	0.0047	-0.0332
59621000 -> 40055000	1.0528	-0.0331	0.0048	-0.0331
302870006 -> 59621000	1.0526	-0.0329	0.0122	-0.0329
55822004 -> 40055000	1.0525	-0.0329	0.0050	-0.0329
44054006 -> 59621000	1.0525	-0.0328	0.0123	-0.0328
68496003 -> 40055000	1.0522	-0.0326	0.0053	-0.0326
15777000 -> 40055000	1.0521	-0.0324	0.0055	-0.0324
239873007 -> 40055000	1.0518	-0.0322	0.0057	-0.0322
74400008 -> 40055000	1.0516	-0.0319	0.0059	-0.0319
237602007 -> 40055000	1.0514	-0.0317	0.0062	-0.0317
162864005 -> 40055000	1.0513	-0.0316	0.0063	-0.0316
19169002 -> 40055000	1.0512	-0.0316	0.0063	-0.0316
44054006 -> 40055000	1.0511	-0.0314	0.0065	-0.0314
53741008 -> 40055000	1.0509	-0.0313	0.0066	-0.0313
230690007 -> 40055000	1.0506	-0.0310	0.0069	-0.0310
230690007 -> 59621000	1.0500	-0.0304	0.0147	-0.0304
302870006 -> 40055000	1.0494	-0.0298	0.0081	-0.0298
64859006 -> 40055000	1.0493	-0.0297	0.0082	-0.0297
88805009 -> 40055000	1.0486	-0.0290	0.0089	-0.0290
43878008 -> 19169002	1.0469	-0.0273	0.0024	-0.0273
39848009 -> 19169002	1.0466	-0.0271	0.0027	-0.0271
195662009 -> 19169002	1.0465	-0.0270	0.0028	-0.0270
10509002 -> 19169002	1.0465	-0.0269	0.0028	-0.0269
44465007 -> 19169002	1.0464	-0.0268	0.0029	-0.0268
62106007 -> 19169002	1.0464	-0.0268	0.0029	-0.0268
271737000 -> 65363002	1.0463	-0.0267	0.0006	-0.0267
15777000 -> 65363002	1.0461	-0.0266	0.0007	-0.0266
302870006 -> 19169002	1.0459	-0.0263	0.0034	-0.0263
444814009 -> 19169002	1.0459	-0.0263	0.0034	-0.0263
40055000 -> 65363002	1.0458	-0.0263	0.0010	-0.0263
271737000 -> 19169002	1.0457	-0.0262	0.0035	-0.0262
196416002 -> 19169002	1.0457	-0.0262	0.0035	-0.0262
72892002 -> 65363002	1.0457	-0.0262	0.0011	-0.0262
36971009 -> 19169002	1.0457	-0.0261	0.0036	-0.0261
82423001 -> 19169002	1.0456	-0.0261	0.0036	-0.0261
428251008 -> 19169002	1.0455	-0.0260	0.0037	-0.0260
59621000 -> 19169002	1.0449	-0.0254	0.0043	-0.0254
75498004 -> 19169002	1.0448	-0.0252	0.0045	-0.0252
75498004 -> 40055000	1.0448	-0.0252	0.0126	-0.0252
70704007 -> 19169002	1.0445	-0.0250	0.0047	-0.0250
239873007 -> 19169002	1.0443	-0.0248	0.0049	-0.0248
40055000 -> 19169002	1.0443	-0.0248	0.0049	-0.0248
195662009 -> 65363002	1.0443	-0.0248	0.0025	-0.0248
39848009 -> 65363002	1.0442	-0.0246	0.0027	-0.0246
162864005 -> 19169002	1.0440	-0.0245	0.0052	-0.0245
428251008 -> 65363002	1.0440	-0.0245	0.0028	-0.0245
36971009 -> 65363002	1.0439	-0.0244	0.0029	-0.0244
444814009 -> 65363002	1.0438	-0.0243	0.0030	-0.0243
124171000119105 -> 19169002	1.0438	-0.0243	0.0054	-0.0243
15777000 -> 19169002	1.0436	-0.0241	0.0056	-0.0241
55680006 -> 19169002	1.0436	-0.0241	0.0056	-0.0241
10509002 -> 65363002	1.0436	-0.0241	0.0032	-0.0241
44054006 -> 19169002	1.0434	-0.0239	0.0058	-0.0239
15777000 -> 43878008	1.0432	-0.0237	0.0013	-0.0237
230690007 -> 19169002	1.0432	-0.0237	0.0060	-0.0237
36971009 -> 40055000	1.0431	-0.0236	0.0143	-0.0236
55822004 -> 43878008	1.0429	-0.0234	0.0015	-0.0234
68496003 -> 19169002	1.0428	-0.0233	0.0064	-0.0233
64859006 -> 19169002	1.0428	-0.0233	0.0064	-0.0233
162864005 -> 43878008	1.0426	-0.0232	0.0018	-0.0232
40055000 -> 43878008	1.0424	-0.0230	0.0020	-0.0230
271737000 -> 43878008	1.0424	-0.0230	0.0020	-0.0230
59621000 -> 43878008	1.0424	-0.0230	0.0020	-0.0230
19169002 -> 43878008	1.0424	-0.0229	0.0020	-0.0229
74400008 -> 19169002	1.0422	-0.0228	0.0069	-0.0228
88805009 -> 19169002	1.0421	-0.0226	0.0071	-0.0226
195662009 -> 43878008	1.0421	-0.0226	0.0023	-0.0226
72892002 -> 43878008	1.0421	-0.0226	0.0024	-0.0226
43878008 -> 65363002	1.0420	-0.0225	0.0048	-0.0225
74400008 -> 65363002	1.0418	-0.0223	0.0050	-0.0223
68496003 -> 43878008	1.0418	-0.0223	0.0026	-0.0223
70704007 -> 43878008	1.0416	-0.0221	0.0028	-0.0221
444814009 -> 43878008	1.0415	-0.0221	0.0029	-0.0221
62106007 -> 43878008	1.0415	-0.0220	0.0029	-0.0220
44465007 -> 65363002	1.0414	-0.0220	0.0053	-0.0220
44465007 -> 43878008	1.0411	-0.0217	0.0033	-0.0217
10509002 -> 43878008	1.0410	-0.0216	0.0034	-0.0216
62106007 -> 65363002	1.0409	-0.0215	0.0058	-0.0215
72892002 -> 19169002	1.0408	-0.0214	0.0083	-0.0214
88805009 -> 43878008	1.0408	-0.0214	0.0035	-0.0214
64859006 -> 43878008	1.0407	-0.0213	0.0036	-0.0213
44054006 -> 43878008	1.0405	-0.0211	0.0039	-0.0211
237602007 -> 19169002	1.0402	-0.0208	0.0089	-0.0208
65363002 -> 43878008	1.0400	-0.0206	0.0044	-0.0206
39848009 -> 43878008	1.0400	-0.0205	0.0044	-0.0205
55822004 -> 19169002	1.0399	-0.0204	0.0093	-0.0204
302870006 -> 43878008	1.0396	-0.0202	0.0047	-0.0202
237602007 -> 43878008	1.0389	-0.0195	0.0055	-0.0195
72892002 -> 55822004	1.0381	-0.0187	0.0006	-0.0187
43878008 -> 55822004	1.0375	-0.0181	0.0012	-0.0181
195662009 -> 55822004	1.0364	-0.0171	0.0023	-0.0171
162864005 -> 44465007	1.0364	-0.0170	0.0012	-0.0170
59621000 -> 55822004	1.0364	-0.0170	0.0023	-0.0170
72892002 -> 44465007	1.0363	-0.0169	0.0013	-0.0169
15777000 -> 44465007	1.0362	-0.0169	0.0014	-0.0169
271737000 -> 44465007	1.0362	-0.0169	0.0014	-0.0169
10509002 -> 55822004	1.0362	-0.0168	0.0025	-0.0168
271737000 -> 55822004	1.0361	-0.0168	0.0025	-0.0168
40055000 -> 55822004	1.0361	-0.0168	0.0026	-0.0168
444814009 -> 55822004	1.0359	-0.0165	0.0028	-0.0165
55680006 -> 55822004	1.0359	-0.0165	0.0028	-0.0165
19169002 -> 44465007	1.0359	-0.0165	0.0018	-0.0165
70704007 -> 55822004	1.0359	-0.0165	0.0028	-0.0165
40055000 -> 44465007	1.0356	-0.0163	0.0020	-0.0163
444814009 -> 44465007	1.0356	-0.0163	0.0020	-0.0163
237602007 -> 44465007	1.0356	-0.0162	0.0021	-0.0162
195662009 -> 44465007	1.0354	-0.0161	0.0022	-0.0161
44465007 -> 55822004	1.0354	-0.0161	0.0033	-0.0161
75498004 -> 44465007	1.0354	-0.0160	0.0022	-0.0160
302870006 -> 55822004	1.0353	-0.0159	0.0034	-0.0159
43878008 -> 44465007	1.0352	-0.0159	0.0024	-0.0159
230690007 -> 55822004	1.0352	-0.0159	0.0035	-0.0159
196416002 -> 55822004	1.0351	-0.0158	0.0035	-0.0158
59621000 -> 44465007	1.0351	-0.0158	0.0025	-0.0158
10509002 -> 44465007	1.0350	-0.0157	0.0026	-0.0157
162864005 -> 55822004	1.0350	-0.0156	0.0037	-0.0156
428251008 -> 55822004	1.0350	-0.0156	0.0037	-0.0156
196416002 -> 44465007	1.0350	-0.0156	0.0027	-0.0156
36971009 -> 44465007	1.0347	-0.0154	0.0029	-0.0154
74400008 -> 55822004	1.0347	-0.0154	0.0040	-0.0154
55822004 -> 44465007	1.0345	-0.0152	0.0031	-0.0152
68496003 -> 44465007	1.0344	-0.0151	0.0032	-0.0151
64859006 -> 55822004	1.0341	-0.0148	0.0046	-0.0148
65363002 -> 44465007	1.0340	-0.0147	0.0036	-0.0147
124171000119105 -> 44465007	1.0340	-0.0147	0.0036	-0.0147
53741008 -> 44465007	1.0339	-0.0146	0.0037	-0.0146
428251008 -> 44465007	1.0339	-0.0146	0.0037	-0.0146
68496003 -> 55822004	1.0339	-0.0146	0.0048	-0.0146
44054006 -> 44465007	1.0337	-0.0144	0.0039	-0.0144
88805009 -> 55822004	1.0333	-0.0140	0.0053	-0.0140
230690007 -> 44465007	1.0333	-0.0140	0.0043	-0.0140
237602007 -> 55822004	1.0331	-0.0138	0.0055	-0.0138
239873007 -> 55822004	1.0329	-0.0136	0.0057	-0.0136
19169002 -> 55822004	1.0326	-0.0133	0.0060	-0.0133
195662009 -> 68496003	1.0324	-0.0131	0.0010	-0.0131
15777000 -> 55822004	1.0323	-0.0130	0.0063	-0.0130
124171000119105 -> 55822004	1.0323	-0.0130	0.0063	-0.0130
10509002 -> 68496003	1.0323	-0.0130	0.0011	-0.0130
70704007 -> 44465007	1.0319	-0.0126	0.0057	-0.0126
43878008 -> 68496003	1.0319	-0.0126	0.0015	-0.0126
444814009 -> 68496003	1.0317	-0.0124	0.0017	-0.0124
40055000 -> 68496003	1.0314	-0.0121	0.0020	-0.0121
36971009 -> 68496003	1.0312	-0.0120	0.0021	-0.0120
75498004 -> 68496003	1.0311	-0.0119	0.0022	-0.0119
15777000 -> 68496003	1.0310	-0.0117	0.0024	-0.0117
44465007 -> 68496003	1.0309	-0.0117	0.0025	-0.0117
239873007 -> 68496003	1.0309	-0.0117	0.0025	-0.0117
44054006 -> 68496003	1.0308	-0.0115	0.0026	-0.0115
162864005 -> 68496003	1.0308	-0.0115	0.0026	-0.0115
59621000 -> 68496003	1.0307	-0.0115	0.0027	-0.0115
82423001 -> 68496003	1.0306	-0.0114	0.0027	-0.0114
64859006 -> 68496003	1.0306	-0.0114	0.0027	-0.0114
19169002 -> 68496003	1.0303	-0.0111	0.0030	-0.0111
162864005 -> 44054006	1.0301	-0.0109	0.0007	-0.0109
271737000 -> 68496003	1.0301	-0.0109	0.0032	-0.0109
195662009 -> 44054006	1.0300	-0.0107	0.0008	-0.0107
55822004 -> 68496003	1.0299	-0.0106	0.0035	-0.0106
124171000119105 -> 68496003	1.0297	-0.0105	0.0036	-0.0105
72892002 -> 44054006	1.0297	-0.0104	0.0011	-0.0104
444814009 -> 44054006	1.0295	-0.0103	0.0013	-0.0103
72892002 -> 237602007	1.0294	-0.0102	0.0007	-0.0102
10509002 -> 302870006	1.0294	-0.0102	0.0009	-0.0102
444814009 -> 237602007	1.0293	-0.0101	0.0008	-0.0101
72892002 -> 302870006	1.0291	-0.0099	0.0011	-0.0099
10509002 -> 44054006	1.0291	-0.0098	0.0017	-0.0098
162864005 -> 237602007	1.0290	-0.0098	0.0011	-0.0098
444814009 -> 302870006	1.0290	-0.0098	0.0012	-0.0098
162864005 -> 302870006	1.0290	-0.0098	0.0012	-0.0098
230690007 -> 68496003	1.0290	-0.0098	0.0043	-0.0098
43878008 -> 44054006	1.0290	-0.0098	0.0018	-0.0098
195662009 -> 237602007	1.0290	-0.0098	0.0011	-0.0098
19169002 -> 302870006	1.0290	-0.0098	0.0013	-0.0098
195662009 -> 302870006	1.0289	-0.0097	0.0013	-0.0097
196416002 -> 68496003	1.0289	-0.0097	0.0044	-0.0097
88805009 -> 68496003	1.0289	-0.0097	0.0044	-0.0097
44465007 -> 237602007	1.0289	-0.0097	0.0012	-0.0097
72892002 -> 62106007	1.0289	-0.0097	0.0006	-0.0097
15777000 -> 36971009	1.0288	-0.0096	0.0008	-0.0096
40055000 -> 44054006	1.0288	-0.0096	0.0020	-0.0096
10509002 -> 36971009	1.0287	-0.0095	0.0009	-0.0095
68496003 -> 44054006	1.0287	-0.0095	0.0021	-0.0095
10509002 -> 237602007	1.0287	-0.0094	0.0015	-0.0094
10509002 -> 53741008	1.0286	-0.0094	0.0008	-0.0094
162864005 -> 36971009	1.0286	-0.0094	0.0011	-0.0094
65363002 -> 36971009	1.0286	-0.0094	0.0011	-0.0094
72892002 -> 53741008	1.0286	-0.0093	0.0008	-0.0093
19169002 -> 44054006	1.0285	-0.0093	0.0023	-0.0093
237602007 -> 68496003	1.0285	-0.0093	0.0048	-0.0093
59621000 -> 62106007	1.0285	-0.0093	0.0010	-0.0093
19169002 -> 62106007	1.0285	-0.0093	0.0010	-0.0093
444814009 -> 36971009	1.0284	-0.0092	0.0012	-0.0092
271737000 -> 75498004	1.0284	-0.0092	0.0008	-0.0092
19169002 -> 36971009	1.0284	-0.0092	0.0013	-0.0092
195662009 -> 36971009	1.0284	-0.0092	0.0013	-0.0092
40055000 -> 237602007	1.0283	-0.0091	0.0018	-0.0091
44465007 -> 44054006	1.0283	-0.0091	0.0025	-0.0091
195662009 -> 53741008	1.0283	-0.0091	0.0011	-0.0091
55822004 -> 302870006	1.0283	-0.0091	0.0019	-0.0091
43878008 -> 62106007	1.0283	-0.0091	0.0012	-0.0091
15777000 -> 75498004	1.0283	-0.0091	0.0010	-0.0091
444814009 -> 62106007	1.0283	-0.0091	0.0012	-0.0091
15777000 -> 62106007	1.0282	-0.0090	0.0013	-0.0090
195662009 -> 62106007	1.0282	-0.0090	0.0013	-0.0090
162864005 -> 75498004	1.0282	-0.0090	0.0011	-0.0090
43878008 -> 302870006	1.0281	-0.0089	0.0021	-0.0089
10509002 -> 75498004	1.0281	-0.0089	0.0011	-0.0089
39848009 -> 44054006	1.0281	-0.0089	0.0027	-0.0089
72892002 -> 36971009	1.0281	-0.0089	0.0015	-0.0089
68496003 -> 36971009	1.0281	-0.0089	0.0016	-0.0089
59621000 -> 53741008	1.0280	-0.0088	0.0013	-0.0088
44465007 -> 75498004	1.0280	-0.0088	0.0012	-0.0088
44465007 -> 36971009	1.0280	-0.0088	0.0016	-0.0088
428251008 -> 44054006	1.0280	-0.0088	0.0028	-0.0088
162864005 -> 62106007	1.0280	-0.0088	0.0015	-0.0088
444814009 -> 53741008	1.0280	-0.0088	0.0014	-0.0088
444814009 -> 75498004	1.0279	-0.0087	0.0013	-0.0087
59621000 -> 75498004	1.0279	-0.0087	0.0013	-0.0087
62106007 -> 237602007	1.0279	-0.0087	0.0022	-0.0087
40055000 -> 302870006	1.0279	-0.0087	0.0024	-0.0087
162864005 -> 53741008	1.0279	-0.0087	0.0015	-0.0087
59621000 -> 36971009	1.0278	-0.0086	0.0018	-0.0086
72892002 -> 239873007	1.0278	-0.0086	0.0005	-0.0086
15777000 -> 53741008	1.0278	-0.0086	0.0015	-0.0086
271737000 -> 53741008	1.0278	-0.0086	0.0016	-0.0086
271737000 -> 62106007	1.0278	-0.0086	0.0017	-0.0086
59621000 -> 237602007	1.0278	-0.0086	0.0023	-0.0086
19169002 -> 75498004	1.0277	-0.0085	0.0015	-0.0085
43878008 -> 237602007	1.0277	-0.0085	0.0024	-0.0085
10509002 -> 62106007	1.0277	-0.0085	0.0018	-0.0085
68496003 -> 75498004	1.0277	-0.0085	0.0016	-0.0085
230690007 -> 302870006	1.0276	-0.0084	0.0026	-0.0084
59621000 -> 44054006	1.0276	-0.0084	0.0031	-0.0084
15777000 -> 237602007	1.0276	-0.0084	0.0025	-0.0084
40055000 -> 53741008	1.0276	-0.0084	0.0018	-0.0084
196416002 -> 302870006	1.0276	-0.0084	0.0027	-0.0084
195662009 -> 75498004	1.0276	-0.0084	0.0017	-0.0084
195662009 -> 239873007	1.0275	-0.0083	0.0008	-0.0083
62106007 -> 36971009	1.0275	-0.0083	0.0022	-0.0083
72892002 -> 230690007	1.0274	-0.0082	0.0004	-0.0082
15777000 -> 302870006	1.0274	-0.0082	0.0028	-0.0082
55680006 -> 302870006	1.0274	-0.0082	0.0028	-0.0082
237602007 -> 62106007	1.0274	-0.0082	0.0021	-0.0082
75498004 -> 36971009	1.0274	-0.0082	0.0022	-0.0082
15777000 -> 44054006	1.0274	-0.0082	0.0034	-0.0082
444814009 -> 239873007	1.0274	-0.0082	0.0009	-0.0082
36971009 -> 62106007	1.0273	-0.0081	0.0021	-0.0081
44465007 -> 53741008	1.0273	-0.0081	0.0020	-0.0081
72892002 -> 75498004	1.0273	-0.0081	0.0019	-0.0081
15777000 -> 230690007	1.0273	-0.0081	0.0006	-0.0081
65363002 -> 62106007	1.0273	-0.0081	0.0022	-0.0081
271737000 -> 36971009	1.0272	-0.0081	0.0024	-0.0081
59621000 -> 302870006	1.0272	-0.0080	0.0030	-0.0080
271737000 -> 44054006	1.0272	-0.0080	0.0035	-0.0080
88805009 -> 44054006	1.0272	-0.0080	0.0035	-0.0080
53741008 -> 237602007	1.0271	-0.0080	0.0029	-0.0080
64859006 -> 44054006	1.0271	-0.0079	0.0036	-0.0079
36971009 -> 75498004	1.0271	-0.0079	0.0021	-0.0079
271737000 -> 239873007	1.0270	-0.0079	0.0013	-0.0079
10509002 -> 39848009	1.0270	-0.0079	0.0006	-0.0079
444814009 -> 39848009	1.0270	-0.0078	0.0006	-0.0078
10509002 -> 239873007	1.0270	-0.0078	0.0013	-0.0078
55822004 -> 237602007	1.0270	-0.0078	0.0031	-0.0078
59621000 -> 239873007	1.0270	-0.0078	0.0013	-0.0078
59621000 -> 39848009	1.0270	-0.0078	0.0007	-0.0078
10509002 -> 196416002	1.0269	-0.0078	0.0007	-0.0078
239873007 -> 302870006	1.0269	-0.0078	0.0033	-0.0078
40055000 -> 239873007	1.0269	-0.0077	0.0014	-0.0077
195662009 -> 82423001	1.0269	-0.0077	0.0005	-0.0077
59621000 -> 82423001	1.0269	-0.0077	0.0005	-0.0077
64859006 -> 36971009	1.0269	-0.0077	0.0027	-0.0077
19169002 -> 39848009	1.0269	-0.0077	0.0008	-0.0077
195662009 -> 39848009	1.0269	-0.0077	0.0008	-0.0077
444814009 -> 230690007	1.0269	-0.0077	0.0010	-0.0077
72892002 -> 124171000119105	1.0269	-0.0077	0.0006	-0.0077
40055000 -> 39848009	1.0269	-0.0077	0.0008	-0.0077
271737000 -> 302870006	1.0268	-0.0076	0.0034	-0.0076
65363002 -> 39848009	1.0268	-0.0076	0.0008	-0.0076
162864005 -> 196416002	1.0268	-0.0076	0.0008	-0.0076
19169002 -> 237602007	1.0268	-0.0076	0.0033	-0.0076
59621000 -> 196416002	1.0268	-0.0076	0.0008	-0.0076
19169002 -> 239873007	1.0268	-0.0076	0.0015	-0.0076
10509002 -> 124171000119105	1.0268	-0.0076	0.0007	-0.0076
195662009 -> 230690007	1.0268	-0.0076	0.0011	-0.0076
195662009 -> 88805009	1.0268	-0.0076	0.0008	-0.0076
15777000 -> 124171000119105	1.0268	-0.0076	0.0007	-0.0076
444814009 -> 88805009	1.0268	-0.0076	0.0009	-0.0076
10509002 -> 88805009	1.0268	-0.0076	0.0009	-0.0076
162864005 -> 82423001	1.0267	-0.0076	0.0007	-0.0076
444814009 -> 196416002	1.0267	-0.0075	0.0009	-0.0075
68496003 -> 239873007	1.0267	-0.0075	0.0016	-0.0075
72892002 -> 82423001	1.0267	-0.0075	0.0007	-0.0075
162864005 -> 39848009	1.0267	-0.0075	0.0010	-0.0075
162864005 -> 239873007	1.0267	-0.0075	0.0016	-0.0075
10509002 -> 55680006	1.0267	-0.0075	0.0005	-0.0075
40055000 -> 428251008	1.0267	-0.0075	0.0006	-0.0075
195662009 -> 196416002	1.0266	-0.0075	0.0010	-0.0075
19169002 -> 196416002	1.0266	-0.0074	0.0010	-0.0074
59621000 -> 70704007	1.0266	-0.0074	0.0005	-0.0074
195662009 -> 64859006	1.0266	-0.0074	0.0008	-0.0074
237602007 -> 53741008	1.0266	-0.0074	0.0027	-0.0074
82423001 -> 302870006	1.0266	-0.0074	0.0036	-0.0074
195662009 -> 124171000119105	1.0266	-0.0074	0.0009	-0.0074
271737000 -> 237602007	1.0266	-0.0074	0.0035	-0.0074
59621000 -> 55680006	1.0265	-0.0073	0.0007	-0.0073
444814009 -> 82423001	1.0265	-0.0073	0.0009	-0.0073
15777000 -> 39848009	1.0265	-0.0073	0.0011	-0.0073
15777000 -> 196416002	1.0265	-0.0073	0.0011	-0.0073
72892002 -> 39848009	1.0265	-0.0073	0.0011	-0.0073
271737000 -> 39848009	1.0265	-0.0073	0.0011	-0.0073
162864005 -> 55680006	1.0265	-0.0073	0.0007	-0.0073
271737000 -> 124171000119105	1.0265	-0.0073	0.0010	-0.0073
444814009 -> 124171000119105	1.0264	-0.0073	0.0010	-0.0073
65363002 -> 428251008	1.0264	-0.0073	0.0008	-0.0073
40055000 -> 82423001	1.0264	-0.0073	0.0010	-0.0073
162864005 -> 70704007	1.0264	-0.0072	0.0007	-0.0072
59621000 -> 428251008	1.0264	-0.0072	0.0008	-0.0072
43878008 -> 88805009	1.0264	-0.0072	0.0012	-0.0072
19169002 -> 82423001	1.0264	-0.0072	0.0010	-0.0072
195662009 -> 70704007	1.0264	-0.0072	0.0007	-0.0072
44465007 -> 196416002	1.0264	-0.0072	0.0012	-0.0072
72892002 -> 196416002	1.0264	-0.0072	0.0012	-0.0072
162864005 -> 124171000119105	1.0264	-0.0072	0.0011	-0.0072
59621000 -> 64859006	1.0264	-0.0072	0.0010	-0.0072
68496003 -> 237602007	1.0264	-0.0072	0.0037	-0.0072
72892002 -> 55680006	1.0264	-0.0072	0.0008	-0.0072
10509002 -> 64859006	1.0263	-0.0072	0.0010	-0.0072
59621000 -> 124171000119105	1.0263	-0.0071	0.0012	-0.0071
15777000 -> 82423001	1.0263	-0.0071	0.0011	-0.0071
10509002 -> 82423001	1.0263	-0.0071	0.0011	-0.0071
72892002 -> 70704007	1.0263	-0.0071	0.0008	-0.0071
55822004 -> 230690007	1.0263	-0.0071	0.0015	-0.0071
444814009 -> 428251008	1.0263	-0.0071	0.0010	-0.0071
195662009 -> 428251008	1.0263	-0.0071	0.0010	-0.0071
271737000 -> 70704007	1.0263	-0.0071	0.0008	-0.0071
40055000 -> 230690007	1.0263	-0.0071	0.0016	-0.0071
162864005 -> 88805009	1.0263	-0.0071	0.0014	-0.0071
15777000 -> 64859006	1.0263	-0.0071	0.0011	-0.0071
19169002 -> 428251008	1.0262	-0.0071	0.0010	-0.0071
271737000 -> 196416002	1.0262	-0.0070	0.0014	-0.0070
43878008 -> 70704007	1.0262	-0.0070	0.0009	-0.0070
43878008 -> 64859006	1.0262	-0.0070	0.0012	-0.0070
271737000 -> 82423001	1.0261	-0.0070	0.0013	-0.0070
43878008 -> 39848009	1.0261	-0.0070	0.0015	-0.0070
15777000 -> 70704007	1.0261	-0.0070	0.0010	-0.0070
72892002 -> 428251008	1.0261	-0.0069	0.0011	-0.0069
10509002 -> 230690007	1.0261	-0.0069	0.0017	-0.0069
444814009 -> 70704007	1.0261	-0.0069	0.0010	-0.0069
55822004 -> 196416002	1.0261	-0.0069	0.0015	-0.0069
19169002 -> 230690007	1.0261	-0.0069	0.0018	-0.0069
444814009 -> 64859006	1.0261	-0.0069	0.0013	-0.0069
271737000 -> 55680006	1.0260	-0.0069	0.0011	-0.0069
162864005 -> 74400008	1.0260	-0.0069	0.0007	-0.0069
162864005 -> 428251008	1.0260	-0.0068	0.0012	-0.0068
55822004 -> 55680006	1.0260	-0.0068	0.0012	-0.0068
15777000 -> 74400008	1.0260	-0.0068	0.0007	-0.0068
195662009 -> 74400008	1.0260	-0.0068	0.0007	-0.0068
10509002 -> 70704007	1.0260	-0.0068	0.0011	-0.0068
59621000 -> 88805009	1.0260	-0.0068	0.0017	-0.0068
19169002 -> 124171000119105	1.0260	-0.0068	0.0015	-0.0068
55822004 -> 70704007	1.0259	-0.0068	0.0012	-0.0068
444814009 -> 74400008	1.0259	-0.0068	0.0008	-0.0068
15777000 -> 88805009	1.0259	-0.0068	0.0017	-0.0068
15777000 -> 239873007	1.0259	-0.0068	0.0024	-0.0068
53741008 -> 68496003	1.0259	-0.0067	0.0074	-0.0067
444814009 -> 55680006	1.0259	-0.0067	0.0013	-0.0067
40055000 -> 75498004	1.0259	-0.0067	0.0034	-0.0067
271737000 -> 230690007	1.0258	-0.0067	0.0020	-0.0067
15777000 -> 428251008	1.0258	-0.0067	0.0014	-0.0067
19169002 -> 70704007	1.0258	-0.0067	0.0013	-0.0067
195662009 -> 55680006	1.0258	-0.0067	0.0013	-0.0067
271737000 -> 428251008	1.0258	-0.0067	0.0014	-0.0067
239873007 -> 44054006	1.0258	-0.0067	0.0049	-0.0067
44465007 -> 124171000119105	1.0258	-0.0067	0.0016	-0.0067
68496003 -> 82423001	1.0258	-0.0066	0.0016	-0.0066
302870006 -> 230690007	1.0258	-0.0066	0.0020	-0.0066
72892002 -> 74400008	1.0258	-0.0066	0.0009	-0.0066
44465007 -> 230690007	1.0258	-0.0066	0.0020	-0.0066
162864005 -> 230690007	1.0258	-0.0066	0.0020	-0.0066
10509002 -> 428251008	1.0258	-0.0066	0.0015	-0.0066
68496003 -> 64859006	1.0258	-0.0066	0.0016	-0.0066
10509002 -> 74400008	1.0258	-0.0066	0.0009	-0.0066
230690007 -> 237602007	1.0257	-0.0066	0.0043	-0.0066
162864005 -> 64859006	1.0257	-0.0066	0.0016	-0.0066
55822004 -> 428251008	1.0257	-0.0065	0.0015	-0.0065
44054006 -> 39848009	1.0257	-0.0065	0.0019	-0.0065
40055000 -> 36971009	1.0257	-0.0065	0.0039	-0.0065
64859006 -> 53741008	1.0257	-0.0065	0.0036	-0.0065
19169002 -> 55680006	1.0257	-0.0065	0.0015	-0.0065
39848009 -> 237602007	1.0256	-0.0065	0.0044	-0.0065
15777000 -> 55680006	1.0256	-0.0065	0.0015	-0.0065
40055000 -> 88805009	1.0256	-0.0065	0.0020	-0.0065
44465007 -> 428251008	1.0256	-0.0064	0.0016	-0.0064
19169002 -> 64859006	1.0256	-0.0064	0.0018	-0.0064
19169002 -> 88805009	1.0256	-0.0064	0.0020	-0.0064
55822004 -> 239873007	1.0256	-0.0064	0.0027	-0.0064
40055000 -> 64859006	1.0256	-0.0064	0.0018	-0.0064
302870006 -> 239873007	1.0256	-0.0064	0.0027	-0.0064
302870006 -> 196416002	1.0256	-0.0064	0.0020	-0.0064
82423001 -> 237602007	1.0255	-0.0064	0.0045	-0.0064
40055000 -> 74400008	1.0255	-0.0064	0.0012	-0.0064
271737000 -> 88805009	1.0255	-0.0063	0.0021	-0.0063
271737000 -> 74400008	1.0254	-0.0063	0.0013	-0.0063
196416002 -> 44054006	1.0254	-0.0063	0.0053	-0.0063
55822004 -> 64859006	1.0254	-0.0063	0.0019	-0.0063
65363002 -> 74400008	1.0253	-0.0062	0.0014	-0.0062
68496003 -> 124171000119105	1.0253	-0.0062	0.0021	-0.0062
44054006 -> 428251008	1.0253	-0.0061	0.0019	-0.0061
55822004 -> 88805009	1.0253	-0.0061	0.0023	-0.0061
59621000 -> 74400008	1.0252	-0.0061	0.0015	-0.0061
36971009 -> 64859006	1.0252	-0.0060	0.0021	-0.0060
68496003 -> 230690007	1.0252	-0.0060	0.0026	-0.0060
55822004 -> 74400008	1.0252	-0.0060	0.0015	-0.0060
302870006 -> 55680006	1.0251	-0.0060	0.0020	-0.0060
82423001 -> 230690007	1.0251	-0.0059	0.0027	-0.0059
271737000 -> 64859006	1.0251	-0.0059	0.0023	-0.0059
64859006 -> 230690007	1.0251	-0.0059	0.0027	-0.0059
53741008 -> 302870006	1.0250	-0.0059	0.0052	-0.0059
44054006 -> 88805009	1.0250	-0.0059	0.0026	-0.0059
59621000 -> 230690007	1.0250	-0.0058	0.0028	-0.0058
68496003 -> 196416002	1.0249	-0.0058	0.0026	-0.0058
68496003 -> 88805009	1.0249	-0.0058	0.0026	-0.0058
19169002 -> 74400008	1.0249	-0.0058	0.0018	-0.0058
82423001 -> 88805009	1.0249	-0.0057	0.0027	-0.0057
64859006 -> 88805009	1.0249	-0.0057	0.0027	-0.0057
230690007 -> 239873007	1.0248	-0.0057	0.0035	-0.0057
230690007 -> 82423001	1.0248	-0.0056	0.0026	-0.0056
44054006 -> 64859006	1.0248	-0.0056	0.0026	-0.0056
230690007 -> 64859006	1.0248	-0.0056	0.0026	-0.0056
55822004 -> 124171000119105	1.0247	-0.0056	0.0027	-0.0056
88805009 -> 82423001	1.0247	-0.0056	0.0027	-0.0056
88805009 -> 64859006	1.0247	-0.0055	0.0027	-0.0055
302870006 -> 82423001	1.0247	-0.0055	0.0027	-0.0055
74400008 -> 39848009	1.0246	-0.0055	0.0030	-0.0055
44465007 -> 70704007	1.0246	-0.0055	0.0025	-0.0055
302870006 -> 53741008	1.0246	-0.0054	0.0047	-0.0054
239873007 -> 230690007	1.0245	-0.0054	0.0033	-0.0054
55680006 -> 428251008	1.0244	-0.0053	0.0028	-0.0053
44054006 -> 239873007	1.0244	-0.0053	0.0039	-0.0053
53741008 -> 64859006	1.0244	-0.0052	0.0029	-0.0052
428251008 -> 55680006	1.0244	-0.0052	0.0028	-0.0052
237602007 -> 230690007	1.0244	-0.0052	0.0034	-0.0052
237602007 -> 39848009	1.0242	-0.0050	0.0034	-0.0050
230690007 -> 53741008	1.0241	-0.0050	0.0052	-0.0050
39848009 -> 74400008	1.0240	-0.0049	0.0027	-0.0049
68496003 -> 53741008	1.0240	-0.0049	0.0053	-0.0049
237602007 -> 82423001	1.0239	-0.0048	0.0034	-0.0048
44054006 -> 196416002	1.0237	-0.0046	0.0039	-0.0046
53741008 -> 230690007	1.0234	-0.0042	0.0044	-0.0042
88805009 -> 230690007	1.0233	-0.0042	0.0044	-0.0042
230690007 -> 88805009	1.0232	-0.0041	0.0043	-0.0041
428251008 -> 230690007	1.0231	-0.0040	0.0046	-0.0040
230690007 -> 428251008	1.0229	-0.0038	0.0043	-0.0038
55680006 -> 82423001	1.0198	-0.0008	0.0075	-0.0008
82423001 -> 55680006	1.0198	-0.0007	0.0073	-0.0007
124171000119105 -> 55680006	1.0189	0.0001	0.0081	0.0001
55680006 -> 124171000119105	1.0189	0.0001	0.0084	0.0001
196416002 -> 55680006	1.0164	0.0026	0.0106	0.0026
55680006 -> 196416002	1.0162	0.0028	0.0112	0.0028
196416002 -> 124171000119105	1.0158	0.0032	0.0115	0.0032
124171000119105 -> 196416002	1.0157	0.0033	0.0117	0.0033
124171000119105 -> 82423001	1.0137	0.0053	0.0135	0.0053
82423001 -> 124171000119105	1.0136	0.0053	0.0136	0.0053
196416002 -> 82423001	1.0112	0.0077	0.0159	0.0077
82423001 -> 196416002	1.0110	0.0079	0.0163	0.0079
44054006 -> 302870006	1.0072	0.0116	0.0226	0.0116
302870006 -> 237602007	1.0067	0.0122	0.0231	0.0122
302870006 -> 44054006	1.0067	0.0122	0.0237	0.0122
237602007 -> 302870006	1.0065	0.0123	0.0233	0.0123
44054006 -> 237602007	1.0032	0.0156	0.0265	0.0156
237602007 -> 44054006	1.0022	0.0165	0.0281	0.0165
428251008 -> 74400008	1.0013	0.0175	0.0250	0.0175
74400008 -> 428251008	1.0000	0.0187	0.0268	0.0187
